x=[1 2 3 4 5 6 7 8 9];
y=x.^2;
x
y
x=-10:1:10;
y1=x.^2;
y2=x.^3;
%plot(x,y)